% -------------------------------------------------------------------
%  Generated by MATLAB on 12-May-2023 10:32:12
%  MATLAB version: 9.12.0.1956245 (R2022a) Update 2
% -------------------------------------------------------------------
                                          

C = 0.0015;

Ki = 7;

Kp = 0.02;

L = 2E-5;

R = 0.2;

Rload = 5;

Ts = 5E-6;

Tsc = 0.0001;

Vin = 12;


